0
2236
3
8
11
14
16
18
20
23
33
38
41
43
58
72
74
86
87
90
94
98
106
109
118
122
125
129
133
136
140
144
150
152
154
159
176
180
181
183
185
186
187
201
210
211
217
227
228
230
241
244
245
252
253
256
260
268
272
282
284
291
292
293
294
298
301
304
310
312
318
325
330
331
334
339
354
361
366
372
373
375
376
379
383
387
390
394
398
401
407
409
411
412
417
419
425
433
437
440
441
443
446
451
456
464
466
467
470
473
477
482
484
492
493
495
503
505
507
510
526
536
537
541
545
546
550
551
557
560
562
564
569
571
572
578
582
583
587
589
596
607
615
617
621
622
625
629
630
631
633
635
643
646
649
657
667
670
678
681
685
686
691
692
699
703
713
716
717
752
762
771
773
774
777
782
783
786
794
805
832
836
837
846
850
852
855
861
867
877
881
895
897
904
907
912
922
923
924
927
929
932
935
946
953
958
959
964
965
966
967
972
976
977
984
985
988
995
996
997
1008
1011
1012
1014
1018
1024
1027
1028
1029
1046
1053
1055
1057
1062
1064
1068
1074
1076
1083
1085
1087
1088
1092
1093
1094
1095
1104
1106
1107
1108
1118
1119
1121
1126
1128
1136
1140
1143
1146
1147
1154
1159
1183
1187
1189
1200
1202
1206
1207
1212
1214
1219
1239
1256
1257
1258
1259
1260
1265
1279
1283
1285
1289
1290
1300
1304
1306
1310
1312
1314
1317
1319
1321
1328
1329
1331
1335
1336
1337
1340
1344
1345
1351
1358
1381
1388
1393
1398
1404
1416
1418
1420
1433
1440
1446
1453
1454
1455
1456
1458
1462
1463
1471
1474
1477
1478
1482
1484
1485
1489
1494
1496
1500
1508
1510
1520
1522
1531
1553
1559
1560
1563
1568
1569
1574
1585
1588
1589
1592
1593
1596
1623
1630
1631
1637
1639
1642
1644
1645
1651
1655
1658
1673
1681
1686
1694
1701
1702
1707
1709
1715
1716
1719
1737
1740
1741
1745
1746
1747
1748
1750
1751
1753
1755
1758
1759
1765
1768
1776
1777
1778
1784
1788
1795
1798
1800
1807
1812
1813
1826
1828
1837
1843
1844
1850
1857
1862
1868
1870
1871
1873
1875
1876
1877
1878
1887
1891
1896
1898
1902
1904
1910
1925
1940
1945
1951
1955
1956
1957
1959
1970
1974
1981
2006
2007
2010
2016
2018
2022
2025
2027
2035
2039
2041
2044
2048
2049
2053
2057
2061
2066
2070
2076
2077
2080
2084
2098
2103
2107
2110
2112
2113
2119
2123
2134
2140
2141
2143
2158
2165
2166
2171
2175
2178
2180
2182
2190
2192
2200
2202
2205
2206
2212
2214
2221
2232
2239
2245
2249
2250
2255
2263
2265
2267
2271
2273
2275
2280
2294
2299
2302
2315
2318
2323
2332
2336
2338
2344
2350
2352
2359
2361
2370
2372
2373
2378
2379
2380
2381
2384
2385
2390
2393
2397
2402
2411
2418
2429
2431
2434
2437
2445
2452
2473
2476
2482
2484
2486
2490
2494
2496
2503
2504
2506
2514
2519
2530
2549
2552
2559
2561
2564
2571
2572
2575
2579
2588
2591
2593
2596
2600
2603
2610
2612
2619
2625
2628
2630
2637
2646
2657
2661
2665
2669
2671
2677
2678
2689
2693
2694
2695
2702
2712
2717
2718
2720
2726
2730
2738
2741
2747
2753
2759
2768
2774
2777
2787
2791
2794
2798
2799
2817
2821
2830
2832
2835
2839
2848
2853
2858
2862
2863
2869
2874
2877
2885
2898
2911
2912
2921
2925
2928
2933
2936
2937
2945
2949
2951
2953
2954
2959
2962
2966
2973
2980
2990
2994
2996
2999
3003
3008
3014
3016
3022
3024
3025
3028
3030
3040
3041
3045
3052
3059
3068
3070
3072
3075
3077
3078
3081
3084
3087
3091
3092
3113
3122
3123
3126
3128
3129
3133
3135
3139
3145
3150
3158
3160
3166
3168
3173
3177
3178
3193
3211
3215
3225
3238
3251
3254
3257
3267
3270
3275
3279
3281
3284
3287
3289
3295
3310
3313
3319
3327
3329
3331
3334
3336
3339
3344
3353
3355
3360
3365
3369
3370
3372
3374
3380
3381
3388
3389
3391
3392
3396
3399
3403
3411
3417
3427
3432
3445
3447
3448
3458
3465
3466
3467
3472
3481
3487
3492
3494
3497
3502
3522
3523
3524
3531
3540
3543
3550
3552
3555
3559
3560
3564
3567
3568
3575
3577
3578
3579
3581
3582
3585
3597
3602
3605
3610
3612
3619
3622
3624
3628
3631
3640
3641
3642
3648
3650
3651
3652
3655
3657
3669
3672
3674
3679
3681
3697
3708
3712
3730
3732
3734
3735
3737
3745
3749
3750
3751
3756
3758
3761
3768
3771
3774
3777
3785
3791
3795
3802
3810
3821
3824
3828
3839
3841
3854
3858
3859
3862
3865
3866
3872
3873
3879
3887
3895
3909
3918
3930
3933
3934
3935
3938
3940
3946
3949
3952
3962
3966
3970
3972
3978
3989
3991
3993
4008
4016
4037
4038
4039
4045
4052
4064
4066
4073
4075
4088
4093
4097
4098
4102
4103
4118
4119
4135
4138
4141
4146
4155
4159
4162
4164
4173
4180
4187
4190
4191
4192
4198
4200
4202
4205
4206
4209
4220
4224
4228
4230
4232
4234
4235
4236
4238
4241
4242
4250
4252
4259
4260
4266
4267
4271
4273
4274
4276
4284
4285
4286
4287
4288
4290
4294
4295
4296
4304
4311
4316
4322
4327
4333
4334
4335
4341
4349
4354
4358
4366
4375
4393
4403
4407
4409
4411
4416
4417
4420
4427
4436
4438
4442
4452
4462
4465
4475
4477
4481
4482
4484
4485
4486
4488
4494
4496
4500
4513
4515
4528
4530
4533
4539
4563
4575
4576
4579
4580
4587
4591
4592
4595
4600
4602
4605
4610
4613
4614
4617
4625
4626
4645
4650
4655
4657
4665
4668
4675
4686
4687
4726
4736
4738
4742
4751
4754
4763
4764
4765
4769
4771
4779
4781
4788
4811
4816
4821
4828
4830
4837
4848
4851
4853
4854
4856
4864
4871
4873
4889
4890
4893
4896
4900
4906
4913
4916
4918
4926
4928
4931
4933
4936
4939
4940
4944
4945
4950
4952
4956
4960
4961
4965
4968
4970
4973
4979
4981
4986
4988
4993
4998
5008
5024
5028
5031
5038
5041
5047
5048
5053
5061
5068
5069
5070
5072
5076
5077
5085
5096
5111
5114
5116
5122
5129
5132
5139
5140
5144
5146
5147
5149
5155
5161
5165
5166
5167
5169
5173
5178
5180
5185
5187
5189
5191
5193
5194
5197
5203
5207
5208
5217
5228
5229
5230
5242
5243
5251
5256
5257
5271
5272
5274
5276
5278
5285
5287
5290
5302
5303
5308
5310
5312
5313
5314
5324
5326
5327
5336
5345
5350
5355
5365
5369
5371
5372
5375
5378
5379
5383
5389
5394
5401
5410
5413
5414
5418
5419
5421
5431
5438
5440
5443
5451
5460
5462
5464
5468
5469
5473
5479
5481
5483
5496
5502
5509
5510
5511
5516
5517
5518
5520
5523
5532
5537
5543
5546
5548
5553
5559
5567
5568
5569
5573
5575
5576
5580
5582
5583
5592
5595
5596
5597
5600
5602
5618
5619
5621
5626
5629
5640
5642
5647
5648
5662
5663
5665
5668
5670
5672
5673
5674
5675
5680
5681
5696
5697
5701
5703
5705
5706
5710
5715
5717
5718
5719
5723
5724
5725
5727
5730
5732
5733
5736
5737
5738
5747
5755
5759
5762
5769
5775
5776
5782
5785
5788
5797
5799
5801
5815
5817
5818
5822
5828
5831
5834
5836
5842
5848
5858
5863
5865
5866
5883
5885
5888
5889
5891
5896
5899
5900
5902
5905
5906
5912
5913
5921
5937
5938
5939
5940
5954
5958
5960
5962
5973
5975
5977
5979
5983
5991
5993
6001
6014
6021
6026
6044
6045
6049
6051
6052
6055
6057
6063
6064
6066
6068
6076
6077
6078
6080
6081
6085
6087
6090
6096
6098
6103
6111
6115
6116
6117
6118
6124
6138
6139
6141
6145
6151
6158
6167
6175
6179
6191
6195
6201
6204
6216
6224
6225
6226
6227
6228
6234
6255
6258
6262
6263
6273
6279
6287
6292
6294
6298
6300
6302
6314
6320
6321
6322
6323
6327
6328
6334
6340
6342
6349
6357
6359
6363
6364
6369
6371
6375
6379
6383
6388
6391
6399
6407
6412
6416
6418
6419
6422
6424
6425
6426
6432
6444
6454
6470
6476
6493
6498
6501
6509
6511
6516
6523
6533
6535
6540
6572
6579
6588
6589
6593
6600
6601
6603
6604
6608
6614
6621
6625
6632
6635
6637
6638
6639
6641
6643
6650
6651
6652
6656
6662
6678
6679
6680
6684
6685
6688
6689
6691
6693
6698
6708
6709
6711
6717
6719
6724
6726
6731
6733
6738
6741
6745
6746
6751
6764
6775
6777
6780
6782
6783
6785
6788
6789
6791
6793
6805
6807
6815
6825
6828
6834
6835
6838
6840
6846
6848
6853
6860
6861
6862
6864
6867
6874
6876
6889
6896
6901
6908
6909
6913
6938
6947
6950
6952
6954
6956
6960
6961
6963
6965
6967
6968
6970
6972
6980
6986
6989
6991
6998
6999
7008
7011
7015
7016
7023
7028
7040
7043
7046
7053
7056
7057
7059
7065
7076
7082
7088
7090
7091
7092
7096
7100
7109
7110
7111
7112
7120
7121
7123
7126
7127
7128
7130
7156
7158
7169
7170
7172
7177
7179
7182
7183
7186
7188
7189
7197
7199
7202
7208
7211
7215
7216
7218
7223
7227
7229
7236
7238
7241
7247
7251
7255
7257
7263
7266
7267
7269
7276
7277
7278
7286
7293
7295
7298
7299
7300
7302
7304
7309
7310
7316
7320
7324
7325
7328
7331
7342
7346
7350
7351
7360
7365
7367
7368
7375
7376
7379
7382
7393
7396
7399
7410
7416
7417
7418
7420
7426
7428
7429
7437
7438
7441
7451
7452
7461
7464
7465
7469
7470
7471
7474
7477
7482
7487
7488
7489
7493
7498
7502
7503
7504
7505
7506
7516
7521
7525
7526
7532
7534
7535
7542
7544
7545
7551
7552
7560
7567
7571
7572
7579
7581
7583
7589
7598
7604
7605
7608
7614
7620
7622
7624
7632
7637
7638
7644
7645
7652
7656
7658
7666
7670
7678
7680
7681
7682
7684
7686
7689
7695
7697
7700
7701
7705
7713
7714
7724
7725
7731
7734
7742
7752
7757
7764
7768
7769
7779
7781
7782
7783
7785
7787
7789
7796
7800
7802
7819
7820
7823
7824
7827
7830
7834
7836
7839
7842
7846
7851
7854
7859
7862
7863
7865
7866
7874
7875
7883
7887
7897
7910
7912
7913
7920
7921
7923
7926
7931
7932
7933
7945
7962
7976
7982
7985
7986
7989
7990
7991
7996
7997
8003
8005
8008
8009
8015
8021
8025
8026
8028
8030
8040
8041
8052
8062
8065
8069
8072
8079
8082
8084
8086
8088
8089
8094
8095
8098
8112
8121
8123
8124
8128
8131
8132
8141
8142
8145
8148
8150
8151
8153
8160
8163
8165
8174
8175
8177
8178
8182
8188
8190
8191
8205
8211
8214
8217
8232
8237
8240
8255
8262
8264
8271
8274
8275
8279
8280
8282
8283
8288
8308
8309
8310
8312
8314
8315
8317
8321
8327
8338
8340
8352
8368
8369
8371
8374
8375
8379
8396
8399
8403
8407
8410
8413
8415
8418
8422
8426
8433
8436
8438
8443
8454
8456
8457
8471
8474
8475
8479
8482
8488
8491
8497
8499
8501
8502
8510
8512
8513
8515
8517
8529
8530
8534
8537
8538
8539
8542
8551
8553
8555
8560
8572
8576
8587
8593
8599
8600
8604
8609
8616
8622
8626
8627
8628
8629
8632
8641
8644
8654
8658
8659
8662
8664
8665
8668
8683
8686
8700
8706
8712
8714
8715
8720
8721
8724
8729
8732
8752
8761
8765
8766
8771
8773
8777
8780
8792
8794
8796
8799
8804
8810
8812
8814
8816
8818
8833
8842
8843
8853
8855
8860
8863
8867
8877
8878
8882
8884
8890
8898
8902
8905
8908
8913
8915
8916
8927
8932
8935
8941
8942
8943
8952
8953
8956
8976
8977
8982
8986
8990
8991
8992
8994
8995
9000
9015
9016
9017
9018
9020
9023
9024
9029
9031
9034
9036
9043
9052
9055
9056
9060
9061
9066
9067
9069
9070
9072
9077
9080
9084
9090
9098
9099
9105
9109
9111
9112
9115
9116
9118
9120
9124
9127
9130
9137
9139
9142
9149
9166
9168
9170
9171
9176
9185
9187
9188
9189
9193
9196
9197
9201
9203
9208
9210
9213
9214
9220
9223
9226
9229
9231
9232
9238
9239
9240
9242
9246
9247
9249
9259
9260
9265
9278
9295
9305
9306
9312
9317
9322
9331
9333
9334
9335
9347
9352
9365
9371
9373
9379
9385
9391
9394
9398
9400
9401
9404
9410
9411
9415
9416
9422
9424
9425
9428
9431
9445
9448
9453
9454
9460
9464
9468
9470
9473
9475
9479
9483
9486
9487
9492
9497
9500
9505
9508
9512
9516
9517
9524
9525
9526
9528
9529
9531
9532
9537
9538
9544
9545
9547
9554
9555
9557
9558
9559
9563
9564
9573
9581
9584
9590
9592
9593
9595
9600
9601
9603
9607
9609
9617
9623
9626
9638
9642
9644
9647
9650
9656
9661
9662
9664
9665
9668
9671
9674
9689
9694
9702
9703
9711
9714
9716
9720
9725
9730
9733
9734
9741
9744
9749
9751
9755
9757
9758
9759
9760
9763
9767
9771
9772
9776
9780
9783
9794
9800
9805
9809
9829
9836
9842
9843
9855
9856
9860
9863
9864
9865
9867
9868
9876
9877
9878
9883
9888
9893
9896
9897
9905
9907
9909
9913
9919
9921
9923
9926
9931
9933
9934
9950
9954
9962
9963
9964
9965
9969
9971
9975
9977
9979
9980
9984
9986
9992
9997
1
50
79
295
413
471
741
900
983
1016
2081
2454
3076
3156
3278
3335
3424
3584
3729
3741
3782
3889
4302
4319
4329
4330
4429
4526
4633
4935
4985
5774
6099
6174
6456
6515
6799
7142
7314
7586
7828
7908
7911
7965
8263
8400
8830
9224
9426
9527
9548
9750
2
1195
1
2
28
34
35
49
55
59
63
68
71
73
78
84
88
91
95
103
105
108
114
123
132
149
161
163
170
173
196
209
215
220
226
239
243
247
259
270
279
288
299
302
319
328
335
338
341
382
384
393
397
416
418
435
442
448
468
475
479
491
499
527
529
538
540
547
548
554
558
559
566
575
594
599
613
616
624
638
640
652
672
675
684
701
709
711
715
724
730
733
737
747
749
780
784
814
828
831
840
851
856
885
886
889
903
913
915
916
917
918
937
938
941
944
945
951
956
960
962
978
980
982
989
992
1002
1025
1031
1032
1033
1039
1056
1063
1071
1072
1073
1089
1101
1122
1124
1132
1144
1145
1148
1162
1171
1175
1184
1185
1192
1197
1210
1213
1227
1248
1252
1264
1266
1267
1278
1281
1286
1293
1302
1316
1333
1355
1364
1373
1377
1383
1384
1400
1410
1414
1422
1441
1445
1447
1465
1468
1472
1475
1486
1487
1507
1513
1521
1548
1552
1554
1556
1608
1612
1619
1634
1635
1648
1650
1657
1659
1667
1675
1699
1712
1717
1720
1723
1724
1726
1732
1736
1743
1744
1752
1757
1766
1773
1802
1809
1810
1817
1819
1821
1825
1840
1841
1842
1851
1867
1882
1883
1884
1894
1901
1914
1915
1918
1919
1930
1953
1960
1971
1996
1998
1999
2013
2014
2021
2029
2036
2043
2062
2063
2071
2085
2086
2089
2097
2102
2117
2131
2153
2155
2169
2183
2189
2193
2209
2210
2222
2224
2229
2236
2241
2254
2257
2270
2284
2300
2316
2321
2324
2329
2334
2343
2345
2354
2364
2376
2377
2383
2389
2398
2410
2416
2420
2422
2432
2440
2456
2460
2466
2467
2470
2471
2485
2497
2501
2542
2550
2556
2557
2560
2569
2576
2581
2584
2590
2597
2598
2606
2609
2613
2615
2633
2662
2664
2676
2679
2690
2696
2710
2719
2727
2731
2737
2744
2745
2757
2764
2767
2772
2793
2795
2800
2802
2807
2810
2813
2822
2852
2859
2864
2868
2880
2886
2894
2895
2906
2939
2944
2967
2970
2975
3006
3013
3031
3034
3036
3046
3056
3064
3086
3109
3127
3136
3138
3141
3159
3172
3184
3190
3203
3206
3207
3208
3209
3212
3221
3223
3226
3227
3236
3242
3247
3255
3256
3259
3262
3265
3277
3280
3283
3288
3299
3306
3309
3314
3318
3324
3325
3333
3357
3359
3371
3373
3378
3379
3382
3387
3394
3397
3404
3412
3422
3437
3452
3453
3464
3475
3477
3478
3489
3491
3509
3511
3517
3525
3554
3565
3566
3569
3571
3592
3613
3614
3621
3625
3626
3627
3637
3646
3658
3663
3666
3673
3686
3714
3715
3716
3739
3740
3769
3776
3784
3786
3788
3790
3792
3797
3809
3818
3823
3830
3833
3842
3843
3868
3869
3892
3896
3910
3924
3928
3931
3936
3957
3967
3969
3980
3982
4002
4012
4015
4020
4023
4026
4040
4057
4060
4063
4068
4087
4094
4100
4106
4114
4122
4124
4128
4130
4140
4142
4145
4147
4150
4156
4170
4171
4174
4182
4183
4231
4243
4245
4254
4256
4272
4277
4308
4309
4314
4320
4323
4325
4336
4344
4345
4353
4362
4377
4378
4384
4386
4387
4388
4394
4412
4418
4421
4433
4443
4447
4453
4459
4464
4466
4472
4480
4483
4504
4508
4519
4520
4523
4527
4562
4564
4570
4581
4589
4603
4611
4643
4649
4651
4682
4702
4703
4720
4733
4737
4739
4746
4747
4750
4782
4783
4796
4798
4800
4805
4813
4814
4817
4820
4835
4839
4845
4847
4861
4865
4866
4868
4876
4888
4894
4898
4922
4923
4954
4963
4966
4978
4982
4983
4991
4992
4995
5000
5006
5012
5017
5022
5029
5036
5051
5054
5064
5067
5086
5092
5100
5119
5152
5177
5179
5184
5188
5234
5239
5240
5244
5245
5246
5250
5280
5282
5288
5289
5319
5340
5349
5388
5393
5400
5408
5423
5427
5432
5457
5463
5466
5475
5490
5493
5494
5505
5507
5508
5528
5529
5530
5536
5539
5545
5549
5551
5558
5565
5578
5598
5601
5605
5610
5616
5620
5632
5643
5692
5695
5698
5711
5713
5714
5720
5729
5735
5739
5743
5745
5752
5753
5757
5768
5771
5777
5780
5781
5792
5800
5803
5821
5857
5876
5881
5884
5901
5916
5918
5957
5978
5985
6011
6013
6029
6031
6033
6067
6070
6083
6091
6094
6106
6107
6109
6125
6162
6169
6171
6176
6186
6197
6199
6209
6211
6222
6223
6229
6244
6251
6265
6266
6275
6284
6291
6307
6315
6317
6319
6331
6338
6350
6366
6372
6376
6378
6413
6434
6435
6437
6439
6446
6451
6467
6471
6480
6482
6486
6489
6494
6496
6497
6508
6513
6519
6531
6570
6576
6577
6578
6582
6584
6586
6587
6591
6592
6594
6596
6605
6606
6615
6626
6631
6646
6647
6657
6670
6683
6696
6702
6721
6722
6727
6730
6737
6740
6753
6755
6758
6760
6762
6766
6778
6787
6810
6821
6830
6843
6850
6871
6877
6881
6883
6893
6905
6912
6922
6927
6928
6937
6973
6978
6981
6996
7034
7042
7052
7064
7071
7079
7103
7135
7147
7159
7164
7173
7180
7191
7192
7195
7201
7203
7209
7224
7230
7244
7256
7268
7271
7284
7289
7317
7319
7337
7353
7370
7381
7383
7408
7413
7433
7435
7443
7456
7483
7486
7512
7513
7520
7529
7537
7557
7582
7585
7603
7606
7610
7617
7621
7626
7628
7649
7650
7653
7662
7669
7671
7672
7676
7693
7694
7711
7740
7750
7770
7771
7773
7784
7801
7804
7806
7810
7817
7818
7833
7837
7841
7844
7855
7878
7880
7893
7896
7917
7919
7928
7936
7947
7949
7954
7964
7966
7969
7970
7975
7984
7988
8001
8018
8020
8049
8050
8051
8054
8061
8064
8068
8070
8071
8077
8103
8118
8135
8136
8144
8152
8154
8164
8166
8168
8185
8186
8187
8197
8204
8209
8218
8227
8236
8244
8251
8276
8277
8281
8285
8292
8293
8297
8301
8311
8326
8329
8343
8348
8354
8361
8372
8378
8384
8408
8412
8431
8435
8439
8441
8449
8458
8469
8472
8473
8483
8496
8500
8508
8568
8570
8578
8583
8584
8607
8613
8620
8621
8649
8669
8672
8675
8687
8696
8698
8705
8727
8730
8736
8748
8759
8762
8778
8787
8789
8809
8811
8819
8827
8834
8840
8841
8844
8846
8850
8857
8858
8864
8870
8875
8883
8911
8912
8919
8921
8937
8938
8939
8945
8946
8957
8959
8963
8968
8972
8981
8983
8989
8993
8999
9011
9042
9075
9085
9087
9088
9096
9102
9104
9122
9144
9145
9146
9157
9160
9174
9190
9195
9198
9212
9222
9228
9250
9256
9257
9264
9270
9275
9297
9304
9308
9318
9340
9342
9343
9351
9353
9354
9355
9358
9359
9364
9368
9369
9374
9381
9383
9387
9399
9408
9409
9413
9427
9433
9436
9446
9456
9457
9461
9462
9463
9466
9474
9484
9498
9503
9510
9511
9523
9539
9543
9549
9560
9566
9569
9602
9616
9635
9649
9658
9667
9677
9686
9690
9695
9701
9706
9707
9709
9712
9726
9735
9736
9739
9764
9766
9770
9778
9787
9789
9804
9817
9845
9857
9859
9892
9894
9902
9904
9928
9932
9942
9949
9951
9955
9967
9972
9974
9989
3
2622
4
6
7
10
12
13
17
21
26
40
42
47
50
51
53
54
56
57
60
61
62
66
67
69
70
77
80
81
85
89
96
104
107
110
119
126
131
141
147
153
155
157
177
184
190
191
193
199
205
207
208
212
214
219
221
222
224
231
232
236
237
238
248
249
250
254
257
258
261
262
265
266
269
276
280
281
300
303
308
311
313
315
322
337
343
345
346
348
352
360
362
363
364
367
369
371
380
381
385
400
402
404
406
415
430
431
432
438
445
447
449
462
486
489
490
496
498
500
501
502
508
511
514
517
518
519
522
523
525
528
530
531
532
542
543
567
568
576
585
593
595
598
601
602
603
605
608
609
612
620
623
627
636
645
650
651
653
656
658
661
665
669
673
676
683
688
689
690
693
695
697
702
705
710
714
720
722
725
726
727
729
732
734
736
739
742
744
748
755
756
763
778
781
789
806
813
817
818
820
825
826
829
830
833
834
835
838
839
845
854
857
863
869
873
876
879
880
882
891
893
898
899
902
909
910
925
926
930
933
934
947
948
949
950
963
968
970
971
974
979
987
994
999
1000
1001
1003
1005
1009
1010
1013
1015
1017
1022
1035
1037
1038
1043
1045
1047
1050
1051
1060
1065
1066
1069
1077
1078
1082
1098
1102
1103
1105
1109
1115
1116
1117
1120
1123
1125
1127
1129
1130
1131
1137
1141
1149
1152
1155
1156
1158
1166
1176
1179
1182
1195
1196
1198
1199
1201
1203
1204
1205
1209
1215
1217
1218
1221
1222
1223
1225
1228
1229
1232
1234
1235
1237
1238
1243
1244
1254
1255
1261
1271
1272
1275
1277
1280
1282
1287
1288
1291
1297
1299
1303
1307
1308
1318
1324
1326
1327
1330
1332
1334
1339
1342
1343
1346
1348
1350
1353
1354
1361
1366
1370
1372
1374
1379
1382
1385
1387
1390
1396
1397
1401
1405
1428
1432
1436
1438
1439
1448
1449
1450
1451
1457
1466
1469
1479
1480
1481
1490
1491
1493
1501
1502
1503
1505
1511
1514
1515
1518
1519
1523
1524
1525
1526
1527
1528
1529
1532
1533
1534
1535
1537
1538
1540
1542
1543
1545
1546
1549
1550
1557
1570
1576
1578
1586
1591
1595
1597
1598
1599
1600
1601
1602
1603
1607
1609
1614
1618
1620
1622
1624
1627
1629
1641
1643
1653
1656
1660
1662
1665
1669
1670
1677
1678
1680
1683
1684
1688
1693
1695
1697
1698
1703
1704
1706
1708
1714
1718
1721
1722
1729
1734
1735
1738
1739
1754
1769
1771
1772
1774
1779
1782
1789
1790
1805
1808
1814
1816
1818
1820
1822
1824
1827
1831
1833
1836
1838
1839
1846
1847
1853
1854
1860
1861
1874
1881
1885
1893
1895
1897
1899
1900
1907
1909
1911
1916
1917
1923
1929
1932
1936
1946
1947
1952
1958
1964
1966
1968
1969
1972
1975
1976
1978
1979
1983
1984
1988
1989
1992
1995
1997
2000
2002
2003
2004
2011
2012
2017
2019
2020
2026
2030
2032
2037
2042
2046
2052
2056
2065
2067
2068
2072
2074
2087
2091
2092
2093
2099
2109
2111
2114
2115
2122
2125
2126
2127
2129
2137
2139
2146
2148
2160
2168
2172
2173
2174
2185
2186
2195
2197
2198
2199
2203
2217
2223
2226
2235
2237
2238
2240
2247
2252
2258
2259
2260
2262
2264
2276
2297
2304
2305
2307
2309
2310
2313
2322
2325
2326
2327
2330
2340
2349
2353
2356
2360
2362
2363
2367
2368
2374
2382
2392
2394
2395
2400
2404
2405
2413
2415
2417
2423
2435
2444
2447
2453
2457
2458
2459
2461
2462
2465
2469
2472
2474
2480
2483
2488
2491
2493
2498
2499
2505
2508
2510
2512
2516
2520
2521
2522
2527
2535
2539
2546
2548
2555
2558
2563
2567
2568
2570
2573
2577
2578
2582
2586
2595
2599
2602
2605
2621
2623
2632
2635
2641
2642
2645
2659
2666
2672
2673
2675
2680
2681
2683
2684
2687
2691
2700
2703
2704
2706
2707
2709
2714
2722
2725
2729
2732
2734
2735
2736
2739
2742
2743
2746
2750
2752
2756
2758
2760
2761
2762
2765
2771
2781
2789
2790
2804
2809
2811
2814
2816
2820
2826
2829
2833
2834
2838
2841
2843
2844
2847
2849
2851
2856
2857
2865
2866
2871
2872
2879
2881
2883
2891
2899
2904
2905
2907
2914
2916
2918
2920
2923
2926
2927
2932
2934
2938
2941
2943
2947
2948
2950
2952
2956
2958
2964
2965
2974
2976
2978
2982
2986
2989
3005
3009
3018
3020
3021
3042
3053
3057
3058
3060
3065
3074
3079
3088
3089
3094
3097
3099
3100
3101
3120
3124
3125
3137
3144
3146
3148
3149
3154
3155
3164
3165
3167
3169
3174
3175
3180
3181
3182
3185
3186
3191
3194
3196
3199
3204
3205
3213
3217
3220
3228
3233
3234
3240
3246
3264
3272
3274
3291
3294
3296
3297
3298
3305
3312
3328
3332
3345
3346
3349
3350
3351
3352
3354
3358
3361
3367
3375
3376
3377
3384
3385
3390
3393
3395
3398
3402
3410
3414
3416
3419
3426
3428
3429
3431
3433
3434
3435
3436
3439
3440
3443
3446
3449
3450
3451
3454
3455
3459
3460
3471
3474
3480
3482
3483
3484
3486
3490
3495
3496
3498
3500
3501
3503
3504
3505
3506
3518
3528
3533
3534
3535
3539
3546
3549
3553
3557
3558
3563
3580
3586
3588
3590
3591
3593
3594
3595
3598
3600
3601
3620
3623
3632
3635
3636
3639
3647
3649
3653
3656
3659
3664
3667
3670
3671
3678
3682
3683
3684
3685
3687
3690
3691
3692
3710
3726
3728
3731
3742
3746
3748
3752
3757
3767
3779
3780
3783
3787
3789
3800
3801
3804
3805
3811
3812
3813
3819
3820
3827
3829
3832
3836
3837
3838
3840
3844
3850
3860
3870
3888
3894
3900
3904
3905
3907
3913
3914
3915
3920
3923
3926
3927
3932
3939
3941
3944
3950
3953
3956
3959
3963
3965
3968
3974
3975
3977
3981
3983
3994
3995
3996
3997
3999
4009
4013
4014
4017
4022
4024
4029
4031
4032
4033
4035
4044
4046
4047
4050
4053
4054
4055
4056
4059
4061
4062
4065
4069
4070
4071
4074
4076
4077
4078
4079
4081
4082
4089
4095
4099
4101
4105
4107
4108
4109
4113
4116
4123
4125
4126
4127
4129
4131
4132
4134
4136
4139
4152
4169
4172
4175
4178
4179
4184
4186
4188
4189
4195
4196
4199
4201
4204
4207
4208
4211
4212
4214
4215
4217
4218
4221
4223
4227
4229
4237
4253
4255
4258
4261
4262
4268
4269
4270
4279
4280
4283
4289
4303
4305
4306
4310
4315
4317
4326
4331
4338
4346
4350
4357
4359
4368
4372
4374
4381
4385
4389
4390
4391
4398
4400
4401
4408
4414
4415
4419
4424
4430
4431
4434
4455
4458
4463
4467
4489
4490
4491
4492
4499
4501
4503
4511
4516
4517
4522
4529
4531
4537
4543
4546
4548
4554
4555
4558
4566
4567
4568
4571
4572
4584
4585
4590
4594
4596
4598
4604
4608
4615
4616
4621
4622
4627
4628
4630
4631
4632
4635
4636
4638
4639
4641
4642
4644
4646
4647
4652
4653
4656
4660
4671
4678
4681
4684
4690
4708
4709
4711
4712
4715
4721
4722
4723
4727
4731
4732
4735
4741
4744
4745
4749
4752
4755
4756
4758
4761
4762
4768
4774
4775
4777
4778
4784
4786
4791
4792
4793
4799
4801
4803
4819
4824
4827
4834
4842
4843
4846
4850
4855
4857
4863
4872
4877
4878
4879
4884
4887
4895
4903
4904
4911
4912
4920
4934
4937
4941
4948
4951
4953
4958
4969
4974
4975
4989
4990
4994
4997
4999
5002
5011
5013
5015
5023
5027
5033
5040
5042
5044
5045
5056
5057
5058
5059
5066
5071
5078
5079
5080
5087
5090
5095
5101
5103
5104
5105
5106
5107
5108
5109
5110
5112
5113
5115
5117
5120
5121
5123
5124
5125
5133
5134
5137
5138
5141
5142
5143
5150
5151
5153
5154
5157
5160
5170
5171
5172
5175
5176
5183
5186
5195
5199
5205
5210
5211
5212
5215
5218
5220
5232
5238
5248
5249
5253
5254
5258
5259
5264
5265
5268
5269
5270
5275
5277
5279
5284
5292
5294
5295
5296
5299
5304
5307
5311
5315
5318
5320
5321
5325
5328
5329
5335
5337
5338
5341
5342
5344
5346
5353
5356
5368
5376
5381
5384
5385
5390
5391
5395
5397
5398
5404
5406
5407
5422
5424
5428
5435
5444
5445
5446
5447
5450
5453
5458
5459
5461
5470
5471
5474
5480
5484
5497
5501
5503
5504
5519
5522
5526
5527
5531
5534
5535
5550
5560
5561
5566
5570
5571
5577
5581
5586
5587
5590
5593
5607
5608
5611
5617
5623
5630
5635
5639
5645
5646
5654
5656
5658
5660
5676
5679
5687
5688
5690
5691
5694
5704
5708
5709
5722
5726
5731
5734
5740
5741
5748
5750
5754
5756
5763
5765
5766
5778
5784
5786
5791
5793
5794
5795
5807
5808
5810
5811
5814
5819
5824
5826
5827
5830
5832
5833
5835
5839
5840
5843
5846
5851
5860
5861
5864
5867
5868
5871
5872
5873
5874
5886
5890
5894
5895
5897
5898
5903
5904
5907
5908
5914
5917
5919
5923
5925
5927
5928
5930
5935
5959
5963
5964
5967
5971
5972
5976
5981
5984
5989
5990
6000
6003
6008
6010
6012
6017
6024
6037
6039
6043
6046
6047
6053
6056
6058
6059
6060
6062
6065
6074
6075
6079
6086
6093
6097
6101
6102
6108
6110
6119
6122
6128
6130
6133
6134
6140
6142
6144
6149
6150
6153
6154
6159
6160
6163
6166
6168
6173
6178
6181
6182
6184
6187
6188
6192
6193
6198
6200
6205
6206
6207
6215
6219
6220
6221
6232
6242
6245
6246
6247
6248
6252
6256
6257
6261
6264
6267
6269
6271
6276
6281
6283
6288
6301
6303
6305
6309
6310
6316
6318
6325
6326
6329
6332
6333
6337
6347
6348
6351
6352
6353
6354
6355
6356
6358
6360
6365
6367
6381
6386
6400
6401
6405
6406
6408
6410
6414
6415
6423
6427
6431
6438
6442
6453
6457
6459
6460
6468
6472
6473
6474
6475
6478
6481
6485
6488
6492
6495
6499
6500
6503
6504
6505
6506
6514
6521
6522
6525
6528
6529
6534
6539
6548
6550
6552
6554
6555
6557
6560
6561
6562
6563
6564
6565
6566
6567
6569
6571
6574
6583
6598
6602
6611
6612
6613
6617
6618
6622
6623
6624
6627
6629
6633
6642
6645
6649
6653
6654
6658
6660
6664
6665
6666
6667
6668
6671
6676
6682
6699
6701
6705
6707
6710
6713
6715
6723
6728
6732
6734
6744
6752
6756
6759
6761
6765
6767
6769
6770
6771
6772
6784
6790
6792
6796
6801
6802
6808
6813
6814
6816
6818
6827
6829
6833
6841
6851
6852
6865
6870
6872
6875
6879
6884
6885
6887
6890
6891
6892
6895
6903
6907
6910
6911
6914
6917
6919
6921
6929
6930
6931
6933
6934
6935
6936
6940
6944
6949
6951
6962
6964
6969
6971
6975
6976
6977
6979
6982
6984
6988
6993
6994
7000
7001
7006
7007
7013
7017
7019
7020
7024
7026
7027
7030
7031
7037
7039
7041
7047
7049
7050
7054
7066
7068
7072
7073
7074
7077
7093
7095
7097
7101
7102
7107
7108
7114
7115
7124
7125
7132
7134
7138
7139
7141
7143
7144
7145
7148
7151
7152
7153
7162
7167
7168
7174
7178
7184
7187
7193
7194
7196
7204
7206
7210
7213
7214
7220
7221
7222
7225
7235
7237
7239
7240
7254
7259
7260
7261
7273
7274
7281
7290
7294
7301
7311
7312
7313
7321
7322
7326
7327
7332
7334
7341
7343
7348
7349
7354
7355
7357
7358
7359
7362
7363
7364
7369
7372
7377
7378
7380
7384
7385
7388
7394
7398
7402
7403
7407
7411
7412
7414
7415
7419
7423
7427
7434
7436
7439
7442
7449
7450
7453
7459
7460
7475
7478
7481
7485
7496
7500
7514
7515
7522
7523
7528
7536
7538
7540
7546
7553
7554
7555
7556
7562
7563
7566
7568
7569
7574
7575
7584
7588
7591
7599
7607
7609
7615
7616
7627
7633
7634
7635
7640
7642
7659
7660
7661
7665
7673
7675
7691
7692
7698
7699
7707
7709
7710
7717
7720
7721
7722
7723
7726
7727
7729
7730
7733
7736
7741
7744
7749
7755
7761
7763
7765
7780
7786
7793
7794
7797
7799
7816
7821
7822
7825
7829
7831
7832
7840
7845
7848
7852
7856
7861
7868
7876
7879
7884
7885
7886
7889
7898
7899
7901
7903
7905
7907
7918
7925
7927
7934
7938
7939
7940
7943
7950
7952
7953
7956
7958
7963
7967
7968
7973
7974
7980
7987
7992
7995
8000
8006
8010
8014
8016
8019
8029
8031
8034
8039
8044
8046
8056
8060
8063
8076
8080
8081
8087
8090
8091
8092
8096
8107
8108
8109
8110
8113
8115
8117
8122
8127
8129
8130
8134
8138
8139
8140
8143
8146
8147
8156
8158
8162
8167
8179
8180
8183
8192
8193
8194
8199
8201
8203
8207
8210
8212
8213
8215
8219
8220
8222
8228
8230
8231
8233
8234
8235
8239
8243
8247
8248
8249
8250
8252
8254
8260
8265
8269
8270
8272
8286
8287
8290
8291
8295
8298
8302
8303
8304
8305
8316
8318
8323
8328
8330
8332
8333
8336
8342
8345
8349
8350
8357
8359
8360
8362
8363
8366
8370
8373
8376
8380
8382
8383
8385
8397
8402
8409
8416
8427
8430
8434
8437
8442
8444
8445
8446
8447
8450
8452
8453
8461
8463
8465
8477
8478
8487
8489
8495
8503
8506
8507
8511
8516
8520
8526
8527
8532
8533
8535
8540
8541
8545
8546
8550
8552
8554
8556
8557
8562
8564
8567
8575
8577
8579
8580
8594
8595
8596
8597
8601
8602
8605
8606
8610
8612
8615
8619
8624
8631
8636
8643
8651
8655
8673
8676
8678
8679
8680
8681
8684
8688
8693
8694
8699
8701
8702
8703
8708
8716
8717
8719
8728
8731
8738
8740
8741
8744
8746
8751
8756
8757
8764
8767
8775
8779
8784
8791
8793
8795
8797
8798
8801
8802
8805
8806
8807
8820
8821
8822
8825
8828
8836
8845
8847
8848
8861
8862
8865
8866
8869
8871
8872
8876
8881
8885
8887
8888
8891
8894
8897
8906
8909
8926
8929
8930
8931
8933
8934
8940
8948
8954
8955
8971
8975
8987
8988
9003
9005
9009
9010
9012
9019
9021
9025
9027
9030
9039
9046
9049
9051
9058
9059
9062
9065
9071
9078
9086
9094
9095
9097
9100
9103
9113
9119
9121
9125
9131
9133
9151
9156
9158
9161
9164
9165
9167
9169
9172
9177
9181
9191
9207
9209
9211
9215
9221
9227
9234
9236
9237
9245
9252
9258
9261
9262
9267
9271
9277
9286
9299
9301
9302
9303
9307
9309
9310
9313
9325
9326
9329
9330
9332
9338
9346
9349
9350
9362
9363
9367
9370
9375
9376
9380
9382
9386
9388
9389
9390
9393
9396
9397
9406
9414
9418
9421
9432
9441
9443
9452
9459
9465
9469
9472
9478
9481
9485
9490
9494
9495
9496
9507
9513
9518
9519
9520
9521
9542
9550
9551
9556
9562
9568
9571
9572
9574
9580
9599
9604
9605
9608
9611
9612
9613
9619
9621
9622
9624
9625
9627
9629
9631
9633
9637
9639
9641
9654
9660
9663
9669
9670
9675
9681
9682
9683
9688
9691
9692
9693
9696
9697
9698
9704
9705
9708
9710
9713
9719
9722
9740
9743
9745
9748
9754
9756
9765
9768
9773
9774
9775
9777
9779
9781
9784
9785
9790
9791
9793
9797
9798
9799
9801
9802
9803
9811
9812
9814
9815
9818
9819
9821
9823
9825
9828
9830
9831
9838
9840
9841
9847
9848
9852
9853
9854
9861
9866
9869
9871
9881
9884
9885
9886
9887
9889
9891
9899
9900
9901
9903
9906
9908
9915
9917
9918
9920
9924
9929
9935
9938
9947
9948
9952
9957
9959
9960
9961
9966
9968
9970
9973
9976
9978
9981
9982
9993
9996
9998
4
77
166
225
513
735
878
1048
1075
1362
1483
1512
1539
1582
1611
1666
1787
1888
1906
1954
2285
2319
2341
2391
2439
2639
2723
2819
2922
2946
3066
3085
3162
3245
3301
3341
3485
3589
3668
3724
3955
4067
4249
4371
4510
4661
4716
4807
5666
5837
5910
5933
6341
6395
6526
6607
6776
6941
7116
7292
7297
7466
7497
7570
7619
7890
8200
8391
8429
8484
8492
8815
8823
9076
9233
9366
9402
9835
9880
5
1704
5
9
15
19
24
29
36
37
39
44
45
48
65
82
83
92
93
97
101
111
113
115
130
134
135
137
138
145
148
151
156
162
164
165
168
174
179
182
189
192
194
195
197
202
203
204
206
223
233
234
235
246
263
267
271
275
277
278
283
285
286
290
297
305
306
309
316
320
321
323
327
332
342
344
349
350
353
356
358
359
365
368
370
388
392
395
396
399
405
410
421
422
423
424
428
429
434
436
439
454
469
472
474
476
478
481
487
494
497
504
509
515
524
534
539
552
561
574
579
580
586
591
592
597
600
606
614
618
619
634
637
642
654
655
660
663
687
694
696
698
700
707
718
719
723
728
740
743
745
746
750
751
753
754
757
759
760
770
775
776
785
788
791
796
807
808
809
815
816
819
821
824
841
842
843
844
847
848
853
858
859
862
864
866
868
870
872
875
890
894
901
908
914
931
943
952
954
957
975
986
990
1004
1006
1007
1019
1021
1030
1034
1036
1040
1041
1049
1059
1067
1070
1081
1099
1110
1111
1135
1138
1139
1142
1151
1160
1161
1169
1190
1220
1236
1240
1242
1246
1247
1250
1251
1253
1262
1269
1273
1292
1298
1311
1320
1338
1341
1347
1349
1357
1360
1367
1368
1375
1380
1386
1389
1391
1392
1395
1402
1403
1407
1423
1431
1435
1442
1443
1444
1452
1460
1470
1476
1492
1495
1498
1509
1530
1536
1541
1551
1564
1565
1566
1575
1584
1604
1605
1610
1613
1615
1616
1617
1621
1632
1633
1638
1647
1652
1661
1664
1672
1676
1679
1691
1692
1700
1710
1727
1728
1731
1733
1742
1760
1764
1770
1775
1781
1791
1793
1796
1799
1804
1829
1830
1832
1835
1848
1849
1852
1858
1859
1865
1866
1872
1886
1889
1903
1905
1912
1926
1933
1937
1941
1944
1949
1950
1961
1962
1977
1982
1987
1991
1993
1994
2001
2005
2009
2015
2023
2031
2033
2034
2038
2055
2059
2073
2082
2083
2088
2095
2101
2104
2106
2108
2120
2121
2124
2128
2130
2133
2142
2152
2162
2167
2170
2177
2179
2184
2187
2191
2201
2204
2207
2213
2215
2216
2219
2225
2227
2233
2243
2251
2253
2266
2283
2286
2287
2291
2292
2298
2303
2306
2308
2312
2317
2320
2335
2342
2346
2347
2351
2357
2358
2371
2386
2387
2399
2401
2406
2427
2433
2446
2463
2464
2468
2475
2481
2487
2489
2492
2500
2502
2507
2511
2517
2518
2525
2528
2532
2533
2534
2537
2538
2541
2543
2545
2547
2565
2587
2589
2594
2608
2614
2618
2620
2626
2631
2636
2640
2649
2650
2654
2656
2667
2670
2674
2697
2701
2705
2711
2713
2715
2721
2740
2748
2749
2754
2763
2769
2783
2786
2796
2797
2801
2803
2806
2825
2827
2836
2837
2840
2842
2845
2850
2861
2875
2876
2888
2892
2910
2917
2924
2931
2942
2957
2961
2971
2972
2977
2979
2981
2984
2985
2987
2988
3007
3010
3011
3012
3023
3026
3027
3029
3032
3037
3038
3043
3044
3047
3048
3049
3050
3051
3054
3055
3061
3069
3073
3083
3090
3093
3095
3096
3098
3102
3103
3106
3107
3118
3119
3131
3134
3140
3142
3143
3147
3153
3161
3163
3171
3176
3179
3183
3188
3192
3195
3197
3198
3201
3202
3216
3218
3219
3224
3230
3231
3243
3248
3249
3252
3253
3258
3260
3261
3263
3266
3271
3273
3276
3286
3293
3302
3307
3315
3316
3317
3321
3323
3326
3337
3338
3340
3343
3347
3362
3401
3405
3408
3409
3413
3420
3421
3423
3438
3457
3463
3468
3476
3493
3514
3527
3529
3530
3532
3538
3542
3544
3548
3551
3562
3573
3574
3587
3596
3603
3604
3607
3608
3609
3611
3645
3654
3662
3665
3676
3680
3719
3720
3721
3723
3725
3733
3736
3738
3744
3747
3760
3765
3772
3775
3778
3793
3794
3798
3803
3806
3808
3816
3825
3831
3846
3847
3849
3851
3853
3855
3856
3857
3863
3876
3878
3880
3884
3885
3897
3906
3908
3919
3921
3922
3929
3937
3942
3947
3951
3954
3960
3971
3973
3976
3984
3985
3986
3988
3992
3998
4001
4003
4006
4007
4021
4036
4043
4051
4072
4080
4083
4110
4115
4143
4144
4148
4151
4154
4158
4167
4193
4194
4197
4210
4216
4219
4222
4233
4239
4244
4257
4264
4275
4282
4291
4300
4321
4328
4332
4337
4339
4340
4342
4343
4347
4352
4355
4360
4363
4364
4369
4370
4376
4392
4402
4410
4413
4437
4441
4444
4449
4450
4461
4471
4473
4474
4476
4479
4495
4498
4507
4509
4514
4518
4524
4534
4542
4544
4552
4560
4561
4565
4569
4574
4583
4588
4597
4601
4606
4607
4609
4612
4619
4620
4634
4637
4640
4648
4658
4662
4664
4666
4667
4669
4670
4672
4673
4674
4677
4694
4696
4697
4698
4700
4704
4713
4714
4717
4724
4729
4734
4740
4748
4757
4760
4766
4767
4770
4773
4776
4785
4789
4790
4794
4804
4806
4809
4812
4825
4829
4831
4836
4844
4849
4858
4859
4860
4862
4882
4883
4885
4892
4897
4902
4905
4907
4910
4915
4917
4925
4927
4929
4930
4932
4942
4946
4957
4972
4977
4980
4984
4987
4996
5003
5007
5014
5016
5020
5021
5032
5049
5063
5065
5075
5082
5083
5084
5088
5089
5091
5093
5097
5102
5118
5126
5127
5128
5135
5136
5158
5163
5164
5182
5196
5200
5201
5202
5206
5219
5221
5222
5252
5255
5260
5261
5266
5267
5273
5281
5283
5286
5291
5293
5298
5301
5305
5306
5322
5330
5331
5333
5334
5348
5352
5360
5361
5362
5366
5370
5377
5399
5402
5403
5411
5412
5415
5420
5426
5434
5436
5437
5441
5448
5449
5465
5477
5485
5488
5499
5515
5524
5538
5540
5541
5544
5547
5554
5557
5564
5572
5579
5584
5585
5588
5589
5594
5599
5622
5628
5631
5633
5634
5636
5641
5644
5652
5655
5664
5667
5683
5689
5693
5699
5700
5742
5744
5749
5751
5758
5764
5770
5772
5773
5787
5789
5790
5802
5812
5813
5816
5820
5825
5838
5844
5845
5849
5853
5855
5856
5869
5878
5882
5892
5909
5915
5920
5922
5926
5929
5936
5961
5965
5966
5968
5969
5974
5982
5986
5988
5992
5996
5999
6005
6006
6009
6015
6019
6020
6035
6041
6048
6050
6061
6069
6071
6072
6073
6088
6089
6092
6100
6113
6126
6132
6148
6157
6164
6170
6177
6180
6189
6190
6194
6196
6203
6208
6210
6212
6218
6230
6235
6236
6237
6238
6240
6241
6249
6254
6259
6260
6270
6272
6282
6285
6290
6293
6295
6296
6297
6299
6313
6335
6336
6339
6344
6361
6368
6373
6374
6380
6382
6384
6387
6389
6390
6392
6393
6394
6404
6421
6428
6430
6433
6436
6441
6443
6445
6447
6449
6450
6452
6455
6464
6466
6477
6479
6483
6484
6491
6502
6510
6518
6520
6538
6549
6551
6553
6556
6559
6573
6575
6590
6597
6599
6609
6628
6630
6636
6640
6655
6659
6661
6663
6673
6681
6687
6697
6700
6703
6704
6714
6736
6739
6754
6763
6768
6773
6774
6779
6781
6786
6794
6795
6798
6820
6826
6831
6836
6839
6842
6854
6855
6859
6863
6866
6869
6880
6882
6886
6888
6897
6904
6906
6915
6920
6923
6926
6932
6939
6942
6943
6945
6948
6959
6985
6987
7005
7009
7010
7012
7021
7025
7029
7035
7038
7044
7045
7051
7055
7061
7062
7063
7070
7075
7094
7106
7113
7118
7119
7122
7137
7140
7150
7154
7157
7160
7161
7171
7175
7190
7200
7205
7212
7217
7226
7233
7234
7243
7250
7252
7265
7280
7282
7283
7285
7288
7303
7307
7315
7318
7323
7329
7339
7340
7344
7345
7347
7352
7356
7361
7373
7374
7386
7390
7395
7406
7425
7444
7445
7446
7447
7455
7457
7462
7468
7472
7473
7476
7484
7491
7509
7517
7518
7519
7524
7530
7531
7539
7543
7549
7550
7559
7561
7564
7565
7576
7578
7587
7590
7592
7593
7594
7595
7597
7600
7611
7612
7623
7630
7636
7646
7647
7654
7657
7664
7667
7677
7685
7688
7690
7702
7715
7716
7719
7732
7737
7759
7762
7775
7776
7795
7803
7809
7812
7814
7815
7826
7838
7857
7867
7873
7881
7882
7888
7892
7895
7900
7902
7904
7906
7914
7929
7930
7935
7937
7941
7942
7944
7946
7948
7951
7957
7959
7960
7961
7971
7977
7981
7983
7993
8017
8032
8033
8035
8036
8048
8057
8073
8074
8083
8085
8093
8099
8100
8104
8106
8111
8114
8119
8155
8157
8170
8171
8172
8173
8184
8195
8196
8206
8216
8224
8225
8238
8241
8245
8246
8253
8294
8296
8300
8306
8307
8313
8322
8324
8335
8337
8339
8351
8355
8356
8358
8364
8377
8394
8395
8401
8406
8411
8414
8420
8424
8440
8448
8476
8480
8481
8485
8494
8498
8504
8519
8521
8528
8544
8547
8549
8558
8559
8563
8571
8586
8590
8591
8592
8608
8611
8618
8625
8647
8648
8650
8656
8667
8671
8674
8677
8682
8685
8690
8691
8697
8707
8711
8718
8726
8733
8742
8747
8750
8758
8760
8769
8774
8782
8786
8790
8803
8813
8817
8824
8826
8831
8837
8839
8854
8856
8868
8874
8879
8880
8889
8893
8895
8904
8914
8917
8918
8922
8924
8928
8936
8944
8947
8949
8951
8958
8961
8965
8966
8969
8974
8978
8979
8998
9001
9002
9006
9008
9013
9014
9028
9037
9044
9081
9089
9091
9092
9108
9117
9123
9129
9132
9135
9136
9138
9140
9141
9148
9150
9152
9153
9159
9173
9175
9178
9179
9183
9192
9194
9199
9200
9202
9205
9206
9217
9218
9244
9254
9263
9273
9276
9294
9311
9314
9320
9327
9328
9341
9344
9345
9357
9361
9378
9392
9405
9407
9412
9417
9420
9434
9449
9455
9458
9477
9482
9489
9499
9501
9502
9506
9515
9522
9530
9533
9535
9536
9540
9546
9561
9575
9586
9597
9606
9628
9630
9645
9648
9652
9653
9655
9657
9666
9673
9676
9684
9685
9687
9699
9742
9746
9747
9752
9761
9762
9769
9782
9786
9792
9795
9807
9808
9824
9826
9827
9832
9833
9834
9837
9839
9846
9872
9875
9879
9882
9890
9895
9910
9911
9916
9930
9936
9939
9944
9945
9946
9953
9999
6
1296
25
27
30
32
46
64
99
100
112
116
117
121
127
139
142
158
167
169
171
172
175
178
200
216
229
240
251
255
264
273
274
287
289
296
307
317
324
326
329
333
340
347
351
355
377
378
403
408
414
420
427
444
450
455
459
460
461
465
480
483
485
488
506
512
516
520
533
544
549
553
555
563
565
570
577
584
588
626
628
632
639
641
644
648
664
666
668
671
674
677
679
682
706
712
721
738
761
765
766
767
768
769
772
779
790
793
795
799
802
803
804
810
812
822
823
827
849
860
871
874
883
884
887
896
905
919
920
921
928
939
940
942
955
973
981
991
993
1023
1026
1052
1054
1058
1061
1080
1084
1086
1090
1091
1096
1097
1100
1114
1133
1150
1153
1157
1164
1165
1168
1172
1173
1174
1177
1178
1180
1181
1186
1188
1191
1194
1216
1224
1226
1230
1231
1233
1241
1245
1249
1263
1268
1270
1276
1284
1295
1296
1301
1305
1313
1315
1322
1325
1352
1363
1371
1378
1406
1408
1409
1411
1412
1413
1415
1417
1419
1421
1425
1427
1434
1461
1464
1467
1473
1488
1499
1504
1516
1517
1555
1558
1561
1571
1572
1573
1577
1579
1581
1583
1590
1606
1625
1626
1636
1663
1668
1682
1685
1689
1690
1711
1725
1730
1749
1756
1761
1762
1780
1786
1794
1797
1803
1806
1811
1815
1823
1834
1845
1856
1863
1864
1879
1880
1890
1908
1913
1920
1921
1922
1924
1927
1931
1934
1935
1938
1942
1943
1948
1973
1986
1990
2024
2040
2047
2060
2069
2078
2094
2105
2116
2118
2144
2145
2147
2154
2156
2161
2163
2164
2181
2194
2208
2211
2230
2242
2256
2261
2268
2269
2272
2278
2279
2281
2282
2288
2293
2295
2301
2311
2328
2331
2339
2348
2355
2366
2369
2396
2407
2408
2419
2421
2424
2426
2428
2430
2436
2438
2441
2443
2448
2449
2478
2479
2495
2509
2515
2524
2529
2531
2553
2554
2566
2574
2580
2583
2585
2592
2601
2604
2622
2624
2629
2643
2644
2651
2652
2653
2655
2658
2682
2688
2692
2724
2728
2733
2766
2773
2775
2776
2778
2780
2782
2785
2792
2805
2808
2818
2823
2828
2831
2846
2855
2873
2878
2882
2887
2890
2896
2897
2900
2915
2919
2929
2955
2960
2963
2969
2983
2991
2993
2995
2997
3000
3002
3015
3017
3019
3035
3062
3067
3071
3104
3108
3114
3117
3130
3132
3151
3152
3157
3189
3214
3222
3232
3235
3237
3239
3241
3244
3250
3269
3290
3303
3304
3308
3311
3320
3322
3330
3342
3356
3366
3368
3383
3386
3406
3415
3442
3444
3456
3462
3473
3479
3488
3499
3507
3510
3512
3513
3520
3526
3536
3537
3545
3547
3556
3576
3583
3606
3615
3616
3617
3618
3630
3634
3638
3644
3660
3661
3677
3688
3689
3693
3694
3695
3696
3698
3699
3700
3701
3702
3703
3704
3705
3706
3707
3709
3711
3717
3722
3727
3743
3753
3755
3759
3763
3766
3770
3773
3781
3799
3815
3817
3826
3834
3835
3867
3871
3875
3877
3881
3883
3886
3891
3898
3899
3901
3902
3903
3911
3925
3943
3945
3958
3961
3987
4000
4004
4005
4010
4011
4018
4019
4025
4027
4028
4034
4041
4042
4048
4058
4084
4085
4092
4104
4117
4120
4121
4133
4137
4149
4153
4160
4161
4163
4165
4168
4176
4181
4185
4203
4213
4226
4240
4247
4278
4281
4292
4293
4298
4299
4312
4313
4318
4324
4348
4361
4367
4379
4380
4395
4404
4406
4422
4423
4425
4426
4432
4440
4446
4448
4456
4457
4460
4468
4469
4470
4478
4493
4502
4521
4525
4532
4535
4538
4540
4541
4545
4547
4553
4556
4557
4559
4573
4582
4593
4618
4623
4654
4659
4663
4679
4683
4685
4688
4689
4691
4693
4695
4699
4701
4706
4707
4710
4718
4725
4728
4730
4743
4753
4759
4772
4780
4787
4795
4797
4802
4808
4810
4815
4833
4840
4841
4867
4869
4870
4874
4875
4881
4886
4908
4909
4919
4921
4924
4955
4959
4964
5018
5026
5034
5035
5039
5043
5050
5052
5060
5062
5073
5081
5094
5098
5131
5145
5148
5159
5162
5168
5204
5216
5223
5233
5235
5241
5262
5263
5309
5317
5323
5332
5343
5347
5351
5354
5357
5358
5359
5367
5373
5374
5380
5386
5387
5392
5396
5416
5417
5429
5430
5442
5452
5456
5472
5478
5482
5489
5492
5495
5498
5500
5506
5512
5514
5525
5542
5555
5556
5562
5574
5591
5604
5614
5615
5624
5625
5649
5651
5653
5657
5671
5677
5678
5682
5684
5685
5716
5728
5746
5760
5767
5783
5796
5798
5809
5823
5841
5850
5852
5859
5862
5870
5875
5877
5879
5887
5911
5924
5932
5934
5941
5942
5943
5944
5945
5946
5947
5948
5949
5950
5951
5952
5953
5956
5980
5987
5994
6002
6016
6018
6022
6023
6030
6032
6034
6038
6040
6054
6084
6104
6105
6121
6123
6127
6131
6135
6136
6137
6143
6146
6147
6152
6156
6161
6172
6214
6231
6233
6239
6243
6250
6277
6289
6304
6306
6308
6312
6324
6345
6346
6370
6385
6396
6398
6402
6409
6411
6417
6420
6440
6458
6462
6463
6465
6469
6487
6490
6507
6512
6532
6536
6537
6541
6542
6543
6544
6545
6558
6568
6580
6581
6585
6595
6634
6648
6669
6672
6674
6677
6686
6690
6694
6706
6718
6735
6747
6749
6750
6757
6797
6800
6804
6809
6812
6822
6824
6844
6847
6849
6857
6868
6878
6894
6898
6916
6918
6925
6946
6955
6958
6966
6995
6997
7003
7004
7022
7033
7048
7058
7060
7069
7078
7080
7081
7083
7084
7086
7087
7089
7098
7099
7104
7105
7117
7129
7131
7136
7146
7165
7176
7198
7219
7228
7231
7232
7242
7245
7246
7248
7249
7253
7258
7291
7296
7305
7338
7392
7400
7401
7405
7409
7421
7424
7430
7431
7432
7440
7448
7458
7463
7479
7480
7490
7495
7499
7507
7508
7510
7511
7527
7541
7548
7573
7596
7601
7613
7618
7629
7631
7643
7648
7663
7668
7696
7703
7708
7718
7739
7743
7745
7746
7747
7751
7753
7754
7756
7758
7760
7766
7778
7790
7792
7807
7808
7813
7835
7843
7853
7860
7869
7870
7871
7872
7891
7894
7909
7916
7922
7924
7955
7972
7978
7979
7994
7998
8002
8007
8011
8023
8024
8027
8038
8042
8043
8047
8059
8097
8101
8105
8137
8149
8159
8176
8189
8198
8202
8208
8226
8229
8256
8257
8258
8259
8261
8267
8268
8273
8278
8299
8319
8331
8341
8346
8367
8381
8387
8388
8390
8392
8398
8405
8419
8421
8423
8425
8428
8432
8459
8462
8467
8490
8493
8505
8518
8523
8548
8565
8566
8569
8573
8574
8582
8589
8598
8617
8623
8633
8634
8635
8638
8642
8645
8652
8653
8660
8663
8689
8692
8695
8704
8709
8710
8723
8725
8735
8737
8743
8745
8749
8753
8755
8768
8772
8783
8785
8800
8808
8832
8835
8849
8859
8873
8896
8899
8901
8903
8907
8910
8920
8925
8950
8962
8964
8980
8997
9004
9022
9026
9032
9033
9035
9038
9040
9047
9048
9050
9063
9068
9073
9079
9083
9093
9101
9106
9114
9128
9134
9143
9154
9163
9180
9184
9204
9216
9219
9230
9248
9251
9253
9272
9279
9281
9283
9284
9285
9287
9290
9291
9293
9296
9298
9300
9315
9319
9323
9336
9337
9339
9372
9377
9384
9395
9403
9423
9429
9435
9438
9439
9444
9447
9451
9467
9471
9480
9488
9493
9504
9514
9534
9553
9565
9567
9576
9577
9579
9582
9583
9585
9587
9596
9614
9618
9632
9634
9640
9646
9651
9659
9672
9679
9680
9717
9721
9731
9732
9738
9788
9806
9813
9816
9820
9844
9849
9850
9862
9873
9898
9912
9914
9927
9937
9940
9941
9943
9983
9985
9988
9990
7
124
52
128
143
336
374
386
391
556
573
680
731
798
811
892
906
1113
1211
1365
1963
1965
2079
2138
2150
2248
2289
2375
2551
2716
2854
2930
2968
3115
3187
3285
3425
3519
3541
3629
3864
3874
3882
3916
3964
4030
4086
4111
4225
4263
4265
4405
4505
4506
4512
4578
4586
5004
5019
5130
5174
5198
5213
5237
5247
5300
5316
5339
5382
5491
5513
5521
5603
5779
5847
5931
5997
6007
6028
6120
6183
6202
6253
6268
6517
6644
6720
6817
6953
6992
7002
7185
7494
7679
7767
7791
7858
8037
8066
8078
8284
8347
8417
8486
8514
8524
8722
8829
8886
8967
8973
8996
9110
9241
9243
9292
9419
9430
9476
9491
9509
9615
9636
9678
9724
9925
8
696
0
22
31
75
76
102
120
124
146
160
188
198
213
218
242
314
357
389
426
452
453
457
458
463
521
535
581
590
604
610
611
647
659
662
704
708
758
764
787
792
797
800
801
865
888
911
936
961
969
998
1020
1042
1044
1079
1112
1134
1163
1167
1170
1193
1208
1274
1294
1309
1323
1356
1359
1369
1376
1394
1399
1424
1426
1429
1430
1437
1459
1497
1506
1544
1547
1562
1567
1580
1587
1594
1628
1640
1646
1649
1654
1671
1674
1687
1696
1705
1713
1763
1767
1783
1785
1792
1801
1855
1869
1892
1928
1939
1967
1980
1985
2008
2028
2045
2050
2051
2054
2058
2064
2075
2090
2096
2100
2132
2135
2136
2149
2151
2157
2159
2176
2188
2196
2218
2220
2228
2231
2234
2244
2246
2274
2277
2290
2296
2314
2333
2337
2365
2388
2403
2409
2412
2414
2425
2442
2450
2451
2455
2477
2513
2523
2526
2536
2540
2544
2562
2607
2611
2616
2617
2627
2634
2638
2647
2648
2660
2663
2668
2685
2686
2698
2699
2708
2751
2755
2770
2779
2784
2788
2812
2815
2824
2860
2867
2870
2884
2889
2893
2901
2902
2903
2908
2909
2913
2935
2940
2992
2998
3001
3004
3033
3039
3063
3080
3082
3105
3110
3111
3112
3116
3121
3170
3200
3210
3229
3268
3282
3292
3300
3348
3363
3364
3400
3407
3418
3430
3441
3461
3469
3470
3508
3515
3516
3521
3561
3570
3572
3599
3633
3643
3675
3713
3718
3754
3762
3764
3796
3807
3814
3822
3845
3848
3852
3861
3890
3893
3912
3917
3948
3979
3990
4049
4090
4091
4096
4112
4157
4166
4177
4246
4248
4251
4297
4301
4307
4351
4356
4365
4373
4382
4383
4396
4397
4399
4428
4435
4439
4445
4451
4454
4487
4497
4536
4549
4550
4551
4577
4599
4624
4629
4676
4680
4692
4705
4719
4818
4822
4823
4826
4832
4838
4852
4880
4891
4899
4901
4914
4938
4943
4947
4949
4962
4967
4971
4976
5001
5005
5009
5010
5025
5030
5037
5046
5055
5074
5099
5156
5181
5190
5192
5209
5214
5224
5225
5226
5227
5231
5236
5297
5363
5364
5405
5409
5425
5433
5439
5454
5455
5467
5476
5486
5487
5533
5552
5563
5606
5609
5612
5613
5627
5637
5638
5650
5659
5661
5669
5686
5702
5707
5712
5721
5761
5804
5805
5806
5829
5854
5880
5893
5955
5970
5995
5998
6004
6025
6027
6036
6042
6082
6095
6112
6114
6129
6155
6165
6185
6213
6217
6274
6278
6280
6286
6311
6330
6343
6362
6377
6397
6403
6429
6448
6461
6524
6527
6530
6546
6547
6610
6616
6619
6620
6675
6692
6695
6712
6716
6725
6729
6742
6743
6748
6803
6806
6811
6819
6823
6832
6837
6845
6856
6858
6873
6899
6900
6902
6924
6957
6974
6983
6990
7014
7018
7032
7036
7067
7085
7133
7149
7155
7163
7166
7181
7207
7262
7264
7270
7272
7275
7279
7287
7306
7308
7330
7333
7335
7336
7366
7371
7387
7389
7391
7397
7404
7422
7454
7467
7492
7501
7533
7547
7558
7577
7580
7602
7625
7639
7641
7651
7655
7674
7683
7687
7704
7706
7712
7728
7735
7738
7748
7772
7774
7777
7788
7798
7805
7811
7847
7849
7850
7864
7877
7915
7999
8004
8012
8013
8022
8045
8053
8055
8058
8067
8075
8102
8116
8120
8125
8126
8133
8161
8169
8181
8221
8223
8242
8266
8289
8320
8325
8334
8344
8353
8365
8386
8389
8393
8404
8451
8455
8460
8464
8466
8468
8470
8509
8522
8525
8531
8536
8543
8561
8581
8585
8588
8603
8614
8630
8637
8639
8640
8646
8657
8661
8666
8670
8713
8734
8739
8754
8763
8770
8776
8781
8788
8838
8851
8852
8892
8900
8923
8960
8970
8984
8985
9007
9041
9045
9053
9054
9057
9064
9074
9082
9107
9126
9147
9155
9162
9182
9186
9225
9235
9255
9266
9268
9269
9274
9280
9282
9288
9289
9316
9321
9324
9348
9356
9360
9437
9440
9442
9450
9541
9552
9570
9578
9588
9589
9591
9594
9598
9610
9620
9643
9700
9715
9718
9723
9727
9728
9729
9737
9753
9796
9810
9822
9851
9858
9870
9874
9922
9956
9958
9987
9991
9994
9995